112
71
75
65
32
70
74
69
119
100
84
85
87
46
33
89
109
42
64
86
45
90
81
88
95
101
36
118
103
44
98
63
59
38
96
82
92
99
116
41
-1
-1
-1
-1
-1
-1
-1
122
-1
-1
73
-1
-1
-1
68
-1
114
-1
-1
-1
-1
-1
-1
107
-1
-1
-1
-1
-1
-1
-1
-1
-1
-1
-1
-1
105
-1
-1
-1
-1
-1
-1
-1
-1
-1
-1
-1
-1
120
-1
-1
-1
-1
-1
-1
-1
-1
-1
-1
-1
-1
113
-1
-1
-1
-1
67
-1
-1
-1
-1
-1
-1
-1
-1
-1
-1
-1
-1
-1
-1
-1
-1
-1
-1
-1
-1
-1
-1
77
-1
76
-1
-1
-1
119
108
-1
-1
-1
-1
-1
78
-1
-1
-1
-1
-1
-1
-1
-1
117
-1
-1
-1
72
-1
115
-1
-1
-1
-1
80
-1
-1
111
-1
-1
-1
102
-1
-1
-1
-1
-1
-1
-1
-1
-1
-1
104
-1
-1
-1
-1
-1
-1
110
-1
-1
-1
-1
-1
-1
-1
-1
-1
-1
-1
-1
-1
-1
121
-1
-1
-1
-1
-1
-1
-1
-1
-1
-1
-1
-1
-1
-1
83
-1
-1
-1
-1
-1
-1
-1
-1
97
-1
-1
-1
-1
-1
-1
-1
-1
-1
-1
-1
-1
106
-1
-1
-1
-1
-1
-1
66
79
-1
-1
-1
-1
-1
-1
-1
